extend_condition_large_depth: 3
extend_condition_small_depth: 4
large_area_threshold: 50
small_area_threshold: 100
cut_threshold: 10
OPEN_WIDTH: 50
max_open_width: 2.86487
full_length: 140
full_area: 1340
curvatures: [-10.900704743175908, -41.82990412704504, -57.38757028441596, -84.34503376298989, -104.00458835400693, -119.83819656872501, -145.18821760691822, -160.74967313982728, -174.34503376298989, -171.48973719424006, -174.34503376298989, -163.44432901981398, -177.14470343125018, -168.69006752597977, -171.48973719424006, -174.34503376298989, -151.60328515754475, -129.99601009927932, -106.55567098018602, -87.14470343125018, -73.44432901981398, -53.70135206567814, -32.61242971558404, -8.510262805759922]
