extend_condition_large_depth: 3
extend_condition_small_depth: 4
large_area_threshold: 50
small_area_threshold: 100
cut_threshold: 10
OPEN_WIDTH: 50
max_open_width: 2.86487
full_length: 176
full_area: 1600
curvatures: [-2.855296568749821, -8.510262805759927, -2.855296568749821, -11.309932474020213, -8.510262805759927, 0.0, 2.855296568749821, 11.309932474020213, 16.55567098018601, 30.96375653207352, 36.29864793432186, 53.17408577367563, 61.235596145424246, 70.74967313982728, 81.48973719424008, 92.85529656874982, 104.00458835400693, 111.80140948635182, 119.83819656872501, 141.34019174590992, 145.18821760691822, 160.74967313982728, 168.6900675259798, 171.4897371942401, 177.14470343125018, 171.4897371942401, 177.14470343125018, 171.4897371942401, 180.0, 177.14470343125018]



